00111111010101111111111100000010
00111111010101111111111000000010
00111111010101111111110100000010
00111111010101111111110000000010
00111111010101111111101100000010
00111111010101111111101000000010
00111111010101111111100100000010
00111111010101111111100000000010
00111111010101111111011100000010
00111111010101111111011000000010
00111111010101111111111100000011
00111111010101111111111000000011
00111111010101111111110100000011
00111111010101111111110000000011
00111111010101111111101100000011
00111111010101111111101000000011
00111111010101111111100100000011
00111111010101111111100000000011
00111111010101111111011100000011
00111111010101111111011000000011
00111111010101111111111100000100
00111111010101111111111000000100
00111111010101111111110100000100
00111111010101111111110000000100
00111111010101111111101100000100
00111111010101111111101000000100
00111111010101111111100100000100
00111111010101111111100000000100
00111111010101111111011100000100
00111111010101111111011000000100
